131111113
131111131
131111311
131113111
131131111
131311111
133111111
141111144
141111414
141111441
141114114
141114141
141114411
141141114
141141141
141141411
141144111
141411114
141411141
141411411
141414111
141441111
14144444
144111114
144111141
144111411
144114111
144141111
14414444
144411111
14441444
14444144
14444414
14444441
166666666
12311113
12311131
1231123
12311311
1231132
1231213
1231231
12313111
1231312
1231321
1232113
1232131
123223
1232311
123232
12331111
1233112
1233121
1233211
123322
12411144
12411414
12411441
1241244
12414114
12414141
1241424
12414411
1241442
1242144
1242414
1242441
12441114
12441141
1244124
12441411
1244142
1244214
1244241
12444111
1244412
1244421
13411333
13411334
13411343
13411433
13413133
13413134
13413143
13413313
13413314
13413331
13413341
13413413
13413431
13414133
13414313
13414331
13414444
13431133
13431134
13431143
13431313
13431314
13431331
13431341
13431413
13431431
13433113
13433114
13433131
13433141
13433311
13433411
13434113
13434131
13434311
13441133
13441313
13441331
13441444
13443113
13443131
13443311
13444144
13444414
13444441
135111111
13511135
13511153
13511155
13511315
13511351
13511513
13511515
13511531
13511551
13513115
13513151
13513511
13515113
13515115
13515131
13515151
13515311
13515511
13531115
13531151
13531511
13535111
1353555
13551113
13551115
13551131
13551151
13551311
13551511
13553111
1355355
13555111
1355535
1355553
1355555
136111113
136111131
136111311
136111666
136113111
136116166
136116616
136116661
136116666
136131111
13613336
13613363
13613633
136161166
136161616
136161661
136161666
13616333
136166116
136166161
136166166
136166611
136166616
136166661
136311111
13631336
13631363
13631633
13633136
13633163
13633316
13633361
13633366
13633613
13633631
13633636
13633663
13636133
13636313
13636331
13636336
13636363
13636633
136611166
136611616
136611661
136611666
13661333
136616116
136616161
136616166
136616611
136616616
136616661
13663133
13663313
13663331
13663336
13663363
13663633
136661116
136661161
136661166
136661611
136661616
136661661
13666333
136666111
136666116
136666161
136666611
137111113
137111131
137111137
137111173
137111311
137111317
137111371
137111377
137111713
137111731
137111737
137111773
137113111
137113117
137113171
137113177
137113711
137113717
137113771
137117113
137117131
137117137
137117173
137117311
137117317
137117371
137117713
137117731
137131111
137131117
137131171
137131177
137131711
137131717
137131771
137137111
137137117
137137171
137137711
137171113
137171131
137171137
137171173
137171311
137171317
137171371
137171713
137171731
137173111
137173117
137173171
137173711
137177113
137177131
137177311
137311111
137311117
137311171
137311177
137311711
137311717
137311771
137317111
137317117
137317171
137317711
137371111
137371117
137371171
137371711
137377111
137711113
137711131
137711137
137711173
137711311
137711317
137711371
137711713
137711731
137713111
137713117
137713171
137713711
137717113
137717131
137717311
137731111
137731117
137731171
137731711
137737111
137771113
137771131
137771311
137773111
138111113
138111131
138111138
138111183
138111311
138111318
138111381
138111388
138111813
138111831
138111838
138111883
138113111
138113118
138113181
138113188
138113811
138113818
138113881
138113888
138118113
138118131
138118138
138118183
138118311
138118318
138118381
138118388
138118813
138118831
138118838
138118883
138131111
138131118
138131181
138131188
138131811
138131818
138131881
138131888
138138111
138138118
138138181
138138188
138138811
138138818
138138881
138138888
138181113
138181131
138181138
138181183
138181311
138181318
138181381
138181388
138181813
138181831
138181838
138181883
138183111
138183118
138183181
138183188
138183811
138183818
138183881
138183888
138188113
138188131
138188138
138188183
138188311
138188318
138188381
138188388
138188813
138188831
138188838
138188883
138311111
138311118
138311181
138311188
138311811
138311818
138311881
138311888
138318111
138318118
138318181
138318188
138318811
138318818
138318881
138318888
138381111
138381118
138381181
138381188
138381811
138381818
138381881
138381888
138388111
138388118
138388181
138388188
138388811
138388818
138388881
138388888
138811113
138811131
138811138
138811183
138811311
138811318
138811381
138811388
138811813
138811831
138811838
138811883
138813111
138813118
138813181
138813188
138813811
138813818
138813881
138813888
138818113
138818131
138818138
138818183
138818311
138818318
138818381
138818388
138818813
138818831
138818838
138818883
138831111
138831118
138831181
138831188
138831811
138831818
138831881
138831888
138838111
138838118
138838181
138838188
138838811
138838818
138838881
138838888
138881113
138881131
138881138
138881183
138881311
138881318
138881381
138881388
138881813
138881831
138881838
138881883
138883111
138883118
138883181
138883188
138883811
138883818
138883881
138883888
138888113
138888131
138888138
138888183
138888311
138888318
138888381
138888388
138888813
138888831
138888838
138888883
145111111
14511155
14511445
14511454
14511515
14511544
14511551
14514145
14514154
14514415
14514451
14514514
14514541
14515115
14515144
14515151
14515414
14515441
14515511
14541145
14541154
14541415
14541451
14541514
14541541
14544115
14544151
14544511
14545114
14545141
14545411
14551115
14551144
14551151
14551414
14551441
14551511
14554114
14554141
14554411
14555111
1455555
146111146
146111164
146111416
146111461
146111466
146111614
146111641
146111646
146111664
146114116
146114161
146114166
146114611
146114616
146114661
146116114
146116141
146116146
146116164
146116411
146116416
146116461
146116614
146116641
146116666
146141116
146141161
146141166
146141611
146141616
146141661
146146111
146146116
146146161
146146611
146161114
146161141
146161146
146161164
146161411
146161416
146161461
146161614
146161641
146161666
146164111
146164116
146164161
146164611
146166114
146166141
146166166
146166411
146166616
146166661
146166666
146411116
146411161
146411166
146411611
146411616
146411661
146416111
146416116
146416161
146416611
14644444
146461111
146461116
146461161
146461611
146466111
146611114
146611141
146611146
146611164
146611411
146611416
146611461
146611614
146611641
146611666
146614111
146614116
146614161
146614611
146616114
146616141
146616166
146616411
146616616
146616661
146616666
146641111
146641116
146641161
146641611
146646111
146661114
146661141
146661166
146661411
146661616
146661661
146661666
146664111
146666116
146666161
146666166
146666611
146666616
146666661
147111144
147111414
147111441
147114114
147114141
147114411
147114777
147117477
147117747
147117774
147141114
147141141
147141411
147141777
147144111
147147177
147147717
147147771
147147777
147171477
147171747
147171774
147174177
147174717
147174771
147174777
147177147
147177174
147177417
147177471
147177477
147177714
147177741
147177747
147177774
147411114
147411141
147411411
147411777
147414111
147417177
147417717
147417771
147417777
147441111
14744444
147471177
147471717
147471771
147471777
147477117
147477171
147477177
147477711
147477717
147477771
147477777
147711477
147711747
147711774
147714177
147714717
147714771
147714777
147717147
147717174
147717417
147717471
147717477
147717714
147717741
147717747
147717774
147741177
147741717
147741771
147741777
147747117
147747171
147747177
147747711
147747717
147747771
147747777
147771147
147771174
147771417
147771471
147771477
147771714
147771741
147771747
147771774
147774117
147774171
147774177
147774711
147774717
147774771
147774777
147777114
147777141
147777147
147777174
147777411
147777417
147777471
147777477
147777714
147777741
147777747
147777774
148111144
148111414
148111441
148111448
148111484
148111844
148114114
148114141
148114148
148114184
148114411
148114418
148114481
148114488
148114814
148114841
148114848
148114884
148118144
148118414
148118441
148118448
148118484
148118844
148141114
148141141
148141148
148141184
148141411
148141418
148141481
148141488
148141814
148141841
148141848
148141884
148144111
148144118
148144181
148144188
148144811
148144818
148144881
148148114
148148141
148148148
148148184
148148411
148148418
148148481
148148814
148148841
148181144
148181414
148181441
148181448
148181484
148181844
148184114
148184141
148184148
148184184
148184411
148184418
148184481
148184814
148184841
148188144
148188414
148188441
148411114
148411141
148411148
148411184
148411411
148411418
148411481
148411488
148411814
148411841
148411848
148411884
148414111
148414118
148414181
148414188
148414811
148414818
148414881
148418114
148418141
148418148
148418184
148418411
148418418
148418481
148418814
148418841
148441111
148441118
148441181
148441188
148441811
148441818
148441881
14844444
148448111
148448118
148448181
148448811
148481114
148481141
148481148
148481184
148481411
148481418
148481481
148481814
148481841
148484111
148484118
148484181
148484811
148488114
148488141
148488411
148811144
148811414
148811441
148811448
148811484
148811844
148814114
148814141
148814148
148814184
148814411
148814418
148814481
148814814
148814841
148818144
148818414
148818441
148841114
148841141
148841148
148841184
148841411
148841418
148841481
148841814
148841841
148844111
148844118
148844181
148844811
148848114
148848141
148848411
148881144
148881414
148881441
148884114
148884141
148884411
156111166
156111616
156111661
156111666
156116116
156116161
156116166
156116611
156116616
156116661
15615566
15615656
15615665
156161116
156161161
156161166
156161611
156161616
156161661
15616556
15616565
156166111
156166116
156166161
15616655
156166611
15651566
15651656
15651665
15655166
15655616
15655661
15655666
15656156
15656165
15656516
15656561
15656566
15656615
15656651
15656656
15656665
156611116
156611161
156611166
156611611
156611616
156611661
15661556
15661565
156616111
156616116
156616161
15661655
156616611
15665156
15665165
15665516
15665561
15665566
15665615
15665651
15665656
15665665
156661111
156661116
156661161
15666155
156661611
15666515
15666551
15666556
15666565
156666111
15666655
157177777
157717777
157771777
157777177
157777717
157777771
157777777
242244
242424
242442
244224
244242
244422
2444444
2344444
235235
235253
235255
235325
235352
235523
235525
235532
235552
236223
236232
2362666
236322
2363336
2363363
2363633
2366266
2366333
2366626
2366662
237223
237232
2372377
2372737
2372773
237322
2373277
2373727
2373772
2377237
2377273
2377327
2377372
2377723
2377732
238223
238232
2382388
2382838
2382883
238322
2383288
2383828
2383882
23838888
2388238
2388283
2388328
2388382
23883888
2388823
2388832
23888388
23888838
23888883
245255
245525
245552
2462466
2462646
2462664
2464266
2464626
2464662
2466246
2466264
2466426
2466462
2466624
2466642
24666666
24747777
24774777
24777477
24777747
24777774
2482448
2482484
2482844
2484248
2484284
2484428
2484482
2484824
2484842
2488244
2488424
2488442
2562666
2565566
2565656
2565665
2566266
2566556
2566565
2566626
2566655
2566662
25777777
3333333
3533333
37333777
37337377
37337737
37337773
37373377
37373737
37373773
37377337
37377373
37377733
37733377
37733737
37733773
37737337
37737373
37737733
37773337
37773373
37773733
37777333
377777777
3453333
3453335
3453345
3453353
3453354
3453435
3453453
3453455
3453533
3453534
3453543
3453545
3453554
3454335
3454353
3454355
3454455
3454533
3454535
3454545
3454553
3454554
3455333
3455334
3455343
3455345
3455354
3455433
3455435
3455445
3455453
3455454
3455534
3455543
3455544
34633666
34634666
34636366
34636466
34636636
34636646
34636663
34636664
34643666
34644466
34644646
34644664
34646366
34646446
34646464
34646636
34646644
34646663
34663366
34663466
34663636
34663646
34663663
34663664
34664366
34664446
34664464
34664636
34664644
34664663
34666336
34666346
34666363
34666364
34666436
34666444
34666463
34666633
34666634
34666643
34733477
34733747
34733774
34734377
34734477
34734737
34734747
34734773
34734774
34737347
34737374
34737437
34737447
34737473
34737474
34737734
34737743
34737744
34743377
34743477
34743737
34743747
34743773
34743774
34744377
34744737
34744773
34747337
34747347
34747373
34747374
34747437
34747473
34747733
34747734
34747743
34773347
34773374
34773437
34773447
34773473
34773474
34773734
34773743
34773744
34774337
34774347
34774373
34774374
34774437
34774473
34774733
34774734
34774743
34777334
34777343
34777344
34777433
34777434
34777443
34833388
34833488
34833838
34833848
34833883
34833884
34834388
34834838
34834883
34838338
34838348
34838383
34838384
34838438
34838483
34838833
34838834
34838843
34843388
34843838
34843883
34844448
34844484
34844844
34848338
34848383
34848444
34848833
34883338
34883348
34883383
34883384
34883438
34883483
34883833
34883834
34883843
34884338
34884383
34884444
34884833
34888333
34888334
34888343
34888433
348888888
3563355
3563535
3563553
3563555
35636666
3565335
3565353
3565355
3565533
3565535
3565553
35656666
35663666
35665666
35666366
35666566
35666636
35666656
35666663
35666665
35733777
3573555
35737377
35737737
35737773
3575355
3575535
3575553
3575555
35773377
35773737
35773773
35777337
35777373
35777733
35833888
3583555
35835888
35838388
35838588
35838838
35838858
35838883
35838885
3585355
35853888
3585535
3585553
3585555
35858388
35858838
35858883
35883388
35883588
35883838
35883858
35883883
35883885
35885388
35885838
35885883
35888338
35888358
35888383
35888385
35888538
35888583
35888833
35888835
35888853
36733366
36733367
36733376
36733377
36733636
36733637
36733663
36733673
36733736
36733737
36733763
36733773
36736336
36736337
36736363
36736373
36736633
36736733
36737336
36737337
36737363
36737373
36737633
36737733
36763336
36763337
36763363
36763373
36763633
36763733
36766333
367667777
36767333
367676777
367677677
367677767
367677776
367677777
36773336
36773337
36773363
36773373
36773633
36773733
36776333
367766777
367767677
367767767
367767776
367767777
36777333
367776677
367776767
367776776
367776777
367777667
367777676
367777677
367777766
367777767
367777776
367777777
36833366
36833368
36833386
36833636
36833638
36833663
36833683
36833836
36833863
36836336
36836338
36836363
36836383
36836633
36836833
36838336
36838363
36838633
36863336
36863338
36863363
36863383
36863633
36863833
36866333
368666688
368666868
368666886
368666888
368668668
368668686
368668688
368668866
368668868
368668886
368668888
36868333
368686668
368686686
368686688
368686866
368686868
368686886
368686888
368688666
368688668
368688686
368688688
368688866
368688868
368688886
36883336
36883363
36883633
36886333
368866668
368866686
368866688
368866866
368866868
368866886
368866888
368868666
368868668
368868686
368868688
368868866
368868868
368868886
368886666
368886668
368886686
368886688
368886866
368886868
368886886
368888666
368888668
368888686
368888866
4544555
4545455
4545545
4545554
4554455
4554545
4554554
4555445
4555454
4555544
46444466
46444646
46444664
46446446
46446464
46446644
46464446
46464464
46464644
46466444
46644446
46644464
46644644
46646444
46664444
47444447
47444474
47444744
47447444
47474444
474777777
47744444
477477777
477747777
477774777
477777477
477777747
477777774
48444448
48444484
48444844
48448444
48484444
484888888
48844444
488488888
488848888
488884888
488888488
488888848
488888884
45644666
45646466
45646646
45646664
4565555
45656666
45664466
45664646
45664664
45665666
45666446
45666464
45666566
45666644
45666656
45666665
45744477
45744747
45744774
45745777
45747447
45747474
45747577
45747744
45747757
45747775
45754777
4575555
45757477
45757747
45757774
45774447
45774474
45774577
45774744
45774757
45774775
45775477
45775747
45775774
45777444
45777457
45777475
45777547
45777574
45777745
45777754
45844588
45844858
45844885
45845488
45845848
45845884
45848458
45848485
45848548
45848584
45848845
45848854
45854488
45854848
45854884
4585555
45855888
45858448
45858484
45858588
45858844
45858858
45858885
45884458
45884485
45884548
45884584
45884845
45884854
45885448
45885484
45885588
45885844
45885858
45885885
45888445
45888454
45888544
45888558
45888585
45888855
46744444
467666677
467666767
467666776
467666777
467667667
467667676
467667677
467667766
467667767
467667776
467667777
467676667
467676676
467676677
467676766
467676767
467676776
467676777
467677666
467677667
467677676
467677677
467677766
467677767
467677776
467677777
467766667
467766676
467766677
467766766
467766767
467766776
467766777
467767666
467767667
467767676
467767677
467767766
467767767
467767776
467767777
467776666
467776667
467776676
467776677
467776766
467776767
467776776
467776777
467777666
467777667
467777676
467777677
467777766
467777767
467777776
46844444
468468888
468486888
468488688
468488868
468488886
468488888
468648888
468666668
468666686
468666688
468666866
468666868
468666886
468666888
468668666
468668668
468668686
468668688
468668866
468668868
468668886
468684888
468686666
468686668
468686686
468686688
468686866
468686868
468686886
468688488
468688666
468688668
468688686
468688848
468688866
468688884
468846888
468848688
468848868
468848886
468848888
468864888
468866666
468866668
468866686
468866688
468866866
468866868
468866886
468868488
468868666
468868668
468868686
468868848
468868866
468868884
468884688
468884868
468884886
468884888
468886488
468886666
468886668
468886686
468886848
468886866
468886884
468888468
468888486
468888488
468888648
468888666
468888684
468888846
468888848
468888864
468888884
47844444
478477777
478477778
478477787
478477788
478477877
478477878
478477887
478477888
478478777
478478778
478478787
478478788
478478877
478478878
478478887
478478888
478487777
478487778
478487787
478487788
478487877
478487878
478487887
478487888
478488777
478488778
478488787
478488788
478488877
478488878
478488887
478488888
478747777
478747778
478747787
478747788
478747877
478747878
478747887
478747888
478748777
478748778
478748787
478748788
478748877
478748878
478748887
478748888
478774777
478774778
478774787
478774788
478774877
478774878
478774887
478774888
478777477
478777478
478777487
478777488
478777747
478777748
478777774
478777784
478777847
478777848
478777874
478777884
478778477
478778478
478778487
478778488
478778747
478778748
478778774
478778784
478778847
478778848
478778874
478778884
478784777
478784778
478784787
478784788
478784877
478784878
478784887
478784888
478787477
478787478
478787487
478787488
478787747
478787748
478787774
478787784
478787847
478787848
478787874
478787884
478788477
478788478
478788487
478788488
478788747
478788748
478788774
478788784
478788847
478788848
478788874
478788884
478847777
478847778
478847787
478847788
478847877
478847878
478847887
478847888
478848777
478848778
478848787
478848788
478848877
478848878
478848887
478848888
478874777
478874778
478874787
478874788
478874877
478874878
478874887
478874888
478877477
478877478
478877487
478877488
478877747
478877748
478877774
478877784
478877847
478877848
478877874
478877884
478878477
478878478
478878487
478878488
478878747
478878748
478878774
478878784
478878847
478878848
478878874
478878884
478884777
478884778
478884787
478884788
478884877
478884878
478884887
478884888
478887477
478887478
478887487
478887488
478887747
478887748
478887774
478887784
478887847
478887848
478887874
478887884
478888477
478888478
478888487
478888488
478888747
478888748
478888774
478888784
478888847
478888848
478888874
478888884
577777777
56755666
56755667
56755676
56755677
56755766
56755767
56755776
56755777
56756566
56756567
56756576
56756577
56756656
56756657
56756665
56756675
56756756
56756757
56756765
56756775
56757566
56757567
56757576
56757577
56757656
56757657
56757665
56757675
56757756
56757757
56757765
56757775
56765566
56765567
56765576
56765577
56765656
56765657
56765665
56765675
56765756
56765757
56765765
56765775
56766556
56766557
56766565
56766575
56766655
56766755
56767556
56767557
56767565
56767575
56767655
56767755
56775566
56775567
56775576
56775577
56775656
56775657
56775665
56775675
56775756
56775757
56775765
56775775
56776556
56776557
56776565
56776575
56776655
56776755
56777556
56777557
56777565
56777575
56777655
56777755
567777777
56855666
56855668
56855686
56855866
56856566
56856568
56856586
56856656
56856658
56856665
56856685
56856856
56856865
56858566
56858656
56858665
56865566
56865568
56865586
56865656
56865658
56865665
56865685
56865856
56865865
56866556
56866558
56866565
56866585
56866655
56866855
568668888
56868556
56868565
56868655
568686888
568688688
568688868
568688886
568688888
56885566
56885656
56885665
56886556
56886565
56886655
568866888
568868688
568868868
568868886
568868888
568886688
568886868
568886886
568886888
568888668
568888686
568888688
568888866
568888868
568888886
568888888
578777777
578777778
578777787
578777788
578777877
578777878
578777887
578777888
578778777
578778778
578778787
578778788
578778877
578778878
578778887
578778888
578787777
578787778
578787787
578787788
578787877
578787878
578787887
578787888
578788777
578788778
578788787
578788788
578788877
578788878
578788887
578877777
578877778
578877787
578877788
578877877
578877878
578877887
578877888
578878777
578878778
578878787
578878788
578878877
578878878
578878887
578887777
578887778
578887787
578887788
578887877
578887878
578887887
578888777
578888778
578888787
578888877
666666666
676666666
676666667
676666676
676666766
676667666
676676666
676766666
677666666
686666666
